115 270
116 302
118 335
123 367
134 397
155 423
181 444
210 458
243 462
277 458
306 443
332 424
353 397
363 366
367 333
369 300
370 268
142 242
161 229
184 224
208 225
230 235
261 233
282 224
305 223
326 229
343 242
244 257
244 279
244 301
244 323
218 340
230 344
243 347
257 344
269 340
168 263
182 256
198 256
211 265
196 267
182 267
277 265
290 256
305 257
318 263
306 267
291 267
191 384
211 376
229 371
243 374
256 371
272 377
292 385
273 399
256 405
241 406
227 405
209 399
199 385
229 384
242 385
256 384
284 385
256 385
242 386
228 384
