154 279
156 303
160 328
164 351
172 373
184 392
202 407
222 417
246 419
269 416
290 407
307 392
317 372
322 349
325 325
328 302
329 278
172 262
182 249
198 242
215 243
230 249
254 248
270 240
288 239
304 246
313 259
244 273
244 289
244 304
244 320
225 333
235 336
244 338
254 336
263 334
191 279
201 274
212 275
221 281
212 282
201 282
266 279
275 273
286 272
295 276
287 280
276 281
215 365
226 359
236 354
244 357
253 355
265 360
277 366
265 373
254 376
245 377
236 376
226 372
219 365
236 364
244 365
253 364
273 366
253 364
244 365
236 364
